# benchmark=glifistore_durable_compaction
# git_sha=ebf0740
# arch=arm64
# platform=macos
# compiler=Apple LLVM 21.0.0 (clang-2100.3.34.2)
# benchmark_warmup=1
# benchmark_repeats=7
# note=use plugged-in power; thermal throttling affects spread
# storage_mode=durable-periodic;seed_flush_before_measurement=true
# compaction_scope=public Store::compact;one Worker;maintenance disabled
scenario,repeat,operations,live_keys,value_bytes,compacted,seed_s,compact_ms,reopen_ms,verify_ms,segments_before,segments_after,logical_mib_before,logical_mib_after,logical_mib_reclaimed,allocated_mib_before,allocated_mib_after,allocated_mib_reclaimed,source_records_verified,source_mib_verified,records_copied,copied_mib,records_dropped,expired_records_dropped,pre_intent_ms,publication_lease_ms,pacing_delay_ms,pacing_sleep_count,pacing_burst_bytes,transient_metadata_lower_bound_mib,effective_scan_mib_s,copy_mib_s
copy-heavy,1,1536,1024,262144,1,1.896220,1574.582000,103.782708,237.969291,7,5,448.000000,320.000000,128.000000,448.000000,320.000000,128.000000,1018,254.577667,1018,254.577667,0,0,1483.176125,91.365958,0.000000,0,0,0.493851,161.679523,161.679523
copy-heavy,2,1536,1024,262144,1,1.750595,744.675167,95.572042,211.303291,7,5,448.000000,320.000000,128.000000,448.000000,320.000000,128.000000,1018,254.577667,1018,254.577667,0,0,694.607333,50.023792,0.000000,0,0,0.493851,341.864048,341.864048
copy-heavy,3,1536,1024,262144,1,2.753746,706.779334,96.818708,228.618333,7,5,448.000000,320.000000,128.000000,448.000000,320.000000,128.000000,1018,254.577667,1018,254.577667,0,0,673.571958,33.164916,0.000000,0,0,0.493851,360.193988,360.193988
copy-heavy,4,1536,1024,262144,1,3.079758,726.503333,96.621208,232.792500,7,5,448.000000,320.000000,128.000000,448.000000,320.000000,128.000000,1018,254.577667,1018,254.577667,0,0,693.213334,33.244334,0.000000,0,0,0.493851,350.415002,350.415002
copy-heavy,5,1536,1024,262144,1,1.780127,979.739875,85.082750,194.832084,7,5,448.000000,320.000000,128.000000,448.000000,320.000000,128.000000,1018,254.577667,1018,254.577667,0,0,948.096000,31.611792,0.000000,0,0,0.493851,259.842101,259.842101
copy-heavy,6,1536,1024,262144,1,2.459548,1953.902416,90.111333,198.220833,7,5,448.000000,320.000000,128.000000,448.000000,320.000000,128.000000,1018,254.577667,1018,254.577667,0,0,1920.205625,33.630750,0.000000,0,0,0.493851,130.291905,130.291905
copy-heavy,7,1536,1024,262144,1,2.052647,722.454208,78.147792,178.373125,7,5,448.000000,320.000000,128.000000,448.000000,320.000000,128.000000,1018,254.577667,1018,254.577667,0,0,700.132334,22.283166,0.000000,0,0,0.493851,352.378967,352.378967
