# benchmark=glifistore_durable_compaction
# git_sha=ebf0740
# arch=arm64
# platform=macos
# compiler=Apple LLVM 21.0.0 (clang-2100.3.34.2)
# benchmark_warmup=1
# benchmark_repeats=7
# note=use plugged-in power; thermal throttling affects spread
# storage_mode=durable-periodic;seed_flush_before_measurement=true
# compaction_scope=public Store::compact;one Worker;maintenance disabled
scenario,repeat,operations,live_keys,value_bytes,compacted,seed_s,compact_ms,reopen_ms,verify_ms,segments_before,segments_after,logical_mib_before,logical_mib_after,logical_mib_reclaimed,allocated_mib_before,allocated_mib_after,allocated_mib_reclaimed,source_records_verified,source_mib_verified,records_copied,copied_mib,records_dropped,expired_records_dropped,pre_intent_ms,publication_lease_ms,pacing_delay_ms,pacing_sleep_count,pacing_burst_bytes,transient_metadata_lower_bound_mib,effective_scan_mib_s,copy_mib_s
high-reclaim,1,1024,128,262144,1,1.216568,173.024417,13.661875,25.885500,5,2,320.000000,128.000000,192.000000,320.000000,128.000000,192.000000,124,31.009460,124,31.009460,0,0,142.874875,30.128000,0.000000,0,0,0.280350,179.220141,179.220141
high-reclaim,2,1024,128,262144,1,2.234406,199.424667,12.898750,27.448000,5,2,320.000000,128.000000,192.000000,320.000000,128.000000,192.000000,124,31.009460,124,31.009460,0,0,165.308417,34.096208,0.000000,0,0,0.280350,155.494608,155.494608
high-reclaim,3,1024,128,262144,1,2.144363,165.568375,11.553084,26.371334,5,2,320.000000,128.000000,192.000000,320.000000,128.000000,192.000000,124,31.009460,124,31.009460,0,0,137.439334,28.108250,0.000000,0,0,0.280350,187.290963,187.290963
high-reclaim,4,1024,128,262144,1,1.164341,182.514416,12.632042,26.904416,5,2,320.000000,128.000000,192.000000,320.000000,128.000000,192.000000,124,31.009460,124,31.009460,0,0,152.303625,30.192125,0.000000,0,0,0.280350,169.901431,169.901431
high-reclaim,5,1024,128,262144,1,2.308337,175.995791,11.885625,31.517709,5,2,320.000000,128.000000,192.000000,320.000000,128.000000,192.000000,124,31.009460,124,31.009460,0,0,142.597666,33.376667,0.000000,0,0,0.280350,176.194330,176.194330
high-reclaim,6,1024,128,262144,1,1.316959,191.695250,13.357708,32.743416,5,2,320.000000,128.000000,192.000000,320.000000,128.000000,192.000000,124,31.009460,124,31.009460,0,0,157.367709,34.269041,0.000000,0,0,0.280350,161.764365,161.764365
high-reclaim,7,1024,128,262144,1,2.231671,162.814458,12.800458,29.837000,5,2,320.000000,128.000000,192.000000,320.000000,128.000000,192.000000,124,31.009460,124,31.009460,0,0,130.666000,32.116917,0.000000,0,0,0.280350,190.458887,190.458887
