# benchmark=glifistore_durable_compaction
# git_sha=ebf0740
# arch=arm64
# platform=macos
# compiler=Apple LLVM 21.0.0 (clang-2100.3.34.2)
# benchmark_warmup=1
# benchmark_repeats=7
# note=use plugged-in power; thermal throttling affects spread
# storage_mode=durable-periodic;seed_flush_before_measurement=true
# compaction_scope=public Store::compact;one Worker;maintenance disabled
scenario,repeat,operations,live_keys,value_bytes,compacted,seed_s,compact_ms,reopen_ms,verify_ms,segments_before,segments_after,logical_mib_before,logical_mib_after,logical_mib_reclaimed,allocated_mib_before,allocated_mib_after,allocated_mib_reclaimed,source_records_verified,source_mib_verified,records_copied,copied_mib,records_dropped,expired_records_dropped,pre_intent_ms,publication_lease_ms,pacing_delay_ms,pacing_sleep_count,pacing_burst_bytes,transient_metadata_lower_bound_mib,effective_scan_mib_s,copy_mib_s
low-reclaim,1,1024,768,262144,1,1.310179,604.822209,81.924666,182.140458,5,4,320.000000,256.000000,64.000000,320.000000,256.000000,64.000000,764,191.058289,764,191.058289,0,0,582.597500,22.186458,0.000000,0,0,0.401199,315.891655,315.891655
low-reclaim,2,1024,768,262144,1,1.704470,1344.907917,73.748334,189.449667,5,4,320.000000,256.000000,64.000000,320.000000,256.000000,64.000000,764,191.058289,764,191.058289,0,0,1312.571584,32.290500,0.000000,0,0,0.401199,142.060498,142.060498
low-reclaim,3,1024,768,262144,1,1.213601,597.857166,71.323084,150.277291,5,4,320.000000,256.000000,64.000000,320.000000,256.000000,64.000000,764,191.058289,764,191.058289,0,0,561.922292,35.904791,0.000000,0,0,0.401199,319.571796,319.571796
low-reclaim,4,1024,768,262144,1,1.207322,606.683500,75.011083,188.666958,5,4,320.000000,256.000000,64.000000,320.000000,256.000000,64.000000,764,191.058289,764,191.058289,0,0,567.250292,39.398584,0.000000,0,0,0.401199,314.922507,314.922507
low-reclaim,5,1024,768,262144,1,1.849822,537.093583,72.940667,182.297500,5,4,320.000000,256.000000,64.000000,320.000000,256.000000,64.000000,764,191.058289,764,191.058289,0,0,507.545167,29.515916,0.000000,0,0,0.401199,355.726254,355.726254
low-reclaim,6,1024,768,262144,1,1.099533,762.745958,71.905167,181.832375,5,4,320.000000,256.000000,64.000000,320.000000,256.000000,64.000000,764,191.058289,764,191.058289,0,0,721.512458,41.187375,0.000000,0,0,0.401199,250.487448,250.487448
low-reclaim,7,1024,768,262144,1,2.440046,555.479750,71.861041,185.814291,5,4,320.000000,256.000000,64.000000,320.000000,256.000000,64.000000,764,191.058289,764,191.058289,0,0,530.071000,25.370750,0.000000,0,0,0.401199,343.951852,343.951852
