# benchmark=glifistore_durable_compaction
# git_sha=ebf0740
# arch=arm64
# platform=macos
# compiler=Apple LLVM 21.0.0 (clang-2100.3.34.2)
# benchmark_warmup=1
# benchmark_repeats=7
# note=use plugged-in power; thermal throttling affects spread
# storage_mode=durable-periodic;seed_flush_before_measurement=true
# compaction_scope=public Store::compact;one Worker;maintenance disabled
scenario,repeat,operations,live_keys,value_bytes,compacted,seed_s,compact_ms,reopen_ms,verify_ms,segments_before,segments_after,logical_mib_before,logical_mib_after,logical_mib_reclaimed,allocated_mib_before,allocated_mib_after,allocated_mib_reclaimed,source_records_verified,source_mib_verified,records_copied,copied_mib,records_dropped,expired_records_dropped,pre_intent_ms,publication_lease_ms,pacing_delay_ms,pacing_sleep_count,pacing_burst_bytes,transient_metadata_lower_bound_mib,effective_scan_mib_s,copy_mib_s
medium-reclaim,1,1024,512,262144,1,1.970187,384.440542,47.833083,113.901041,5,3,320.000000,192.000000,128.000000,320.000000,192.000000,128.000000,508,127.038757,508,127.038757,0,0,357.380917,27.030833,0.000000,0,0,0.371902,330.450989,330.450989
medium-reclaim,2,1024,512,262144,1,1.441555,1012.016167,48.555042,119.263750,5,3,320.000000,192.000000,128.000000,320.000000,192.000000,128.000000,508,127.038757,508,127.038757,0,0,980.109166,31.880833,0.000000,0,0,0.371902,125.530364,125.530364
medium-reclaim,3,1024,512,262144,1,1.146246,367.022750,45.241167,117.254125,5,3,320.000000,192.000000,128.000000,320.000000,192.000000,128.000000,508,127.038757,508,127.038757,0,0,332.076583,34.919417,0.000000,0,0,0.371902,346.133196,346.133196
medium-reclaim,4,1024,512,262144,1,2.318699,392.957000,49.242667,124.644125,5,3,320.000000,192.000000,128.000000,320.000000,192.000000,128.000000,508,127.038757,508,127.038757,0,0,364.492792,28.432500,0.000000,0,0,0.371902,323.289208,323.289208
medium-reclaim,5,1024,512,262144,1,1.268502,394.114333,50.430500,122.769459,5,3,320.000000,192.000000,128.000000,320.000000,192.000000,128.000000,508,127.038757,508,127.038757,0,0,355.312041,38.759917,0.000000,0,0,0.371902,322.339856,322.339856
medium-reclaim,6,1024,512,262144,1,1.788957,1539.638375,52.165208,128.462667,5,3,320.000000,192.000000,128.000000,320.000000,192.000000,128.000000,508,127.038757,508,127.038757,0,0,1477.653750,61.945959,0.000000,0,0,0.371902,82.512075,82.512075
medium-reclaim,7,1024,512,262144,1,1.476896,675.306125,50.423500,123.868833,5,3,320.000000,192.000000,128.000000,320.000000,192.000000,128.000000,508,127.038757,508,127.038757,0,0,645.640542,29.623000,0.000000,0,0,0.371902,188.120250,188.120250
