# benchmark=glifistore_durable_compaction
# git_sha=ebf0740
# arch=arm64
# platform=macos
# compiler=Apple LLVM 21.0.0 (clang-2100.3.34.2)
# benchmark_warmup=1
# benchmark_repeats=7
# note=use plugged-in power; thermal throttling affects spread
# storage_mode=durable-periodic;seed_flush_before_measurement=true
# compaction_scope=public Store::compact;one Worker;maintenance disabled
scenario,repeat,operations,live_keys,value_bytes,compacted,seed_s,compact_ms,reopen_ms,verify_ms,segments_before,segments_after,logical_mib_before,logical_mib_after,logical_mib_reclaimed,allocated_mib_before,allocated_mib_after,allocated_mib_reclaimed,source_records_verified,source_mib_verified,records_copied,copied_mib,records_dropped,expired_records_dropped,pre_intent_ms,publication_lease_ms,pacing_delay_ms,pacing_sleep_count,pacing_burst_bytes,transient_metadata_lower_bound_mib,effective_scan_mib_s,copy_mib_s
no-gain,1,1024,1024,262144,0,2.454649,123.454458,79.586750,191.740416,5,5,320.000000,320.000000,0.000000,320.000000,320.000000,0.000000,1020,255.077820,0,0.000000,1020,0,123.415500,0.000000,0.000000,0,0,0.000000,2066.169371,0.000000
no-gain,2,1024,1024,262144,0,1.147405,118.893125,79.368000,183.415958,5,5,320.000000,320.000000,0.000000,320.000000,320.000000,0.000000,1020,255.077820,0,0.000000,1020,0,118.865875,0.000000,0.000000,0,0,0.000000,2145.437929,0.000000
no-gain,3,1024,1024,262144,0,1.868957,124.964875,88.408916,187.565917,5,5,320.000000,320.000000,0.000000,320.000000,320.000000,0.000000,1020,255.077820,0,0.000000,1020,0,124.880542,0.000000,0.000000,0,0,0.000000,2041.196135,0.000000
no-gain,4,1024,1024,262144,0,1.130215,121.678542,77.006625,196.029083,5,5,320.000000,320.000000,0.000000,320.000000,320.000000,0.000000,1020,255.077820,0,0.000000,1020,0,121.650917,0.000000,0.000000,0,0,0.000000,2096.325413,0.000000
no-gain,5,1024,1024,262144,0,1.456024,122.344750,80.897416,191.969333,5,5,320.000000,320.000000,0.000000,320.000000,320.000000,0.000000,1020,255.077820,0,0.000000,1020,0,122.302000,0.000000,0.000000,0,0,0.000000,2084.910222,0.000000
no-gain,6,1024,1024,262144,0,1.364388,119.086875,76.678708,188.050958,5,5,320.000000,320.000000,0.000000,320.000000,320.000000,0.000000,1020,255.077820,0,0.000000,1020,0,119.058958,0.000000,0.000000,0,0,0.000000,2141.947379,0.000000
no-gain,7,1024,1024,262144,0,1.124770,114.305625,73.015667,174.667208,5,5,320.000000,320.000000,0.000000,320.000000,320.000000,0.000000,1020,255.077820,0,0.000000,1020,0,114.275583,0.000000,0.000000,0,0,0.000000,2231.542147,0.000000
