# benchmark=glifistore_durable_compaction
# git_sha=ebf0740
# arch=arm64
# platform=macos
# compiler=Apple LLVM 21.0.0 (clang-2100.3.34.2)
# benchmark_warmup=1
# benchmark_repeats=7
# note=use plugged-in power; thermal throttling affects spread
# storage_mode=durable-periodic;seed_flush_before_measurement=true
# compaction_scope=public Store::compact;one Worker;maintenance disabled
scenario,repeat,operations,live_keys,value_bytes,compacted,seed_s,compact_ms,reopen_ms,verify_ms,segments_before,segments_after,logical_mib_before,logical_mib_after,logical_mib_reclaimed,allocated_mib_before,allocated_mib_after,allocated_mib_reclaimed,source_records_verified,source_mib_verified,records_copied,copied_mib,records_dropped,expired_records_dropped,pre_intent_ms,publication_lease_ms,pacing_delay_ms,pacing_sleep_count,pacing_burst_bytes,transient_metadata_lower_bound_mib,effective_scan_mib_s,copy_mib_s
ttl-50,1,1024,1024,262144,1,1.196305,628.775666,41.122042,85.818875,5,3,320.000000,192.000000,128.000000,320.000000,192.000000,128.000000,1020,255.077820,510,127.538910,510,510,594.560834,34.176583,0.000000,0,0,0.493973,405.673810,202.836905
ttl-50,2,1024,1024,262144,1,2.730339,414.969333,40.432542,97.285916,5,3,320.000000,192.000000,128.000000,320.000000,192.000000,128.000000,1020,255.077820,510,127.538910,510,510,386.340375,28.594792,0.000000,0,0,0.493973,614.690772,307.345386
ttl-50,3,1024,1024,262144,1,1.155281,438.920916,43.356333,96.806041,5,3,320.000000,192.000000,128.000000,320.000000,192.000000,128.000000,1020,255.077820,510,127.538910,510,510,411.429959,27.463625,0.000000,0,0,0.493973,581.147561,290.573781
ttl-50,4,1024,1024,262144,1,1.570642,418.570083,39.786542,95.838916,5,3,320.000000,192.000000,128.000000,320.000000,192.000000,128.000000,1020,255.077820,510,127.538910,510,510,385.358625,33.166500,0.000000,0,0,0.493973,609.402894,304.701447
ttl-50,5,1024,1024,262144,1,1.935714,442.672667,44.592209,98.565375,5,3,320.000000,192.000000,128.000000,320.000000,192.000000,128.000000,1020,255.077820,510,127.538910,510,510,406.467208,36.159500,0.000000,0,0,0.493973,576.222204,288.111102
ttl-50,6,1024,1024,262144,1,1.311251,396.182917,37.659792,95.233250,5,3,320.000000,192.000000,128.000000,320.000000,192.000000,128.000000,1020,255.077820,510,127.538910,510,510,366.288542,29.866625,0.000000,0,0,0.493973,643.838512,321.919256
ttl-50,7,1024,1024,262144,1,1.482566,1848.065917,46.853666,99.746708,5,3,320.000000,192.000000,128.000000,320.000000,192.000000,128.000000,1020,255.077820,510,127.538910,510,510,1803.934583,44.097459,0.000000,0,0,0.493973,138.024200,69.012100
